date,tous_groupes_NI,tous_groupes_GDR,tous_groupes_LC,tous_groupes_LFI,tous_groupes_LR,tous_groupes_LREM,tous_groupes_MODEM,tous_groupes_NG,tous_genre_Hommes,tous_genre_Femmes,tous_renouveau_Députés réélus,tous_renouveau_Nouveaux députés,commissions_groupes_GDR,commissions_groupes_LC,commissions_groupes_LFI,commissions_groupes_LR,commissions_groupes_LREM,commissions_groupes_MODEM,commissions_groupes_NG,commissions_groupes_NI,commissions_genre_Femmes,commissions_genre_Hommes,commissions_renouveau_Députés réélus,commissions_renouveau_Nouveaux députés,hemicycle_groupes_NI,hemicycle_groupes_GDR,hemicycle_groupes_LC,hemicycle_groupes_LFI,hemicycle_groupes_LR,hemicycle_groupes_LREM,hemicycle_groupes_MODEM,hemicycle_groupes_NG,hemicycle_genre_Hommes,hemicycle_genre_Femmes,hemicycle_renouveau_Députés réélus,hemicycle_renouveau_Nouveaux députés
2017-06-27,3369,0,0,0,0,0,0,0,3369,0,3369,0,0,0,0,0,0,0,0,0,0,0,0,0,3369,0,0,0,0,0,0,0,3369,0,3369,0
2017-06-28,34,248,596,1097,1072,2612,205,943,6788,19,5505,1302,0,0,0,0,0,0,0,0,0,0,0,0,34,248,596,1097,1072,2612,205,943,6788,19,5505,1302
2017-06-29,669,536,944,538,1399,3873,348,911,5554,3664,5330,3888,536,944,538,1399,3873,348,911,669,3664,5554,5330,3888,0,0,0,0,0,0,0,0,0,0,0,0
2017-06-30,0,0,0,0,0,0,0,0,0,0,0,0,0,0,0,0,0,0,0,0,0,0,0,0,0,0,0,0,0,0,0,0,0,0,0,0
2017-07-01,0,0,0,0,0,0,0,0,0,0,0,0,0,0,0,0,0,0,0,0,0,0,0,0,0,0,0,0,0,0,0,0,0,0,0,0
2017-07-02,0,0,0,0,0,0,0,0,0,0,0,0,0,0,0,0,0,0,0,0,0,0,0,0,0,0,0,0,0,0,0,0,0,0,0,0
2017-07-03,0,0,1217,0,1966,1917,1553,1538,6225,1966,6633,1558,0,0,0,0,0,0,0,0,0,0,0,0,0,0,1217,0,1966,1917,1553,1538,6225,1966,6633,1558
2017-07-04,1541,2888,2736,2457,5874,7180,2767,4348,26301,3490,19025,10766,909,918,804,2194,3100,1115,2360,564,3391,8573,6454,5510,977,1979,1818,1653,3680,4080,1652,1988,17728,99,12571,5256
2017-07-05,317,8554,2908,11882,13477,23778,2714,9123,54815,17938,30409,42344,8124,2311,11422,12724,21299,2092,8778,296,16625,50421,27707,39339,21,430,597,460,753,2479,622,345,4394,1313,2702,3005
2017-07-06,1846,3344,4179,10094,8229,13669,1550,3744,39150,7505,20110,26545,1787,110,1477,1256,3971,130,1311,32,699,9375,3609,6465,1814,1557,4069,8617,6973,9698,1420,2433,29775,6806,16501,20080
2017-07-07,0,0,0,0,0,0,0,0,0,0,0,0,0,0,0,0,0,0,0,0,0,0,0,0,0,0,0,0,0,0,0,0,0,0,0,0
2017-07-08,0,0,0,0,0,0,0,0,0,0,0,0,0,0,0,0,0,0,0,0,0,0,0,0,0,0,0,0,0,0,0,0,0,0,0,0
2017-07-09,0,0,0,0,0,0,0,0,0,0,0,0,0,0,0,0,0,0,0,0,0,0,0,0,0,0,0,0,0,0,0,0,0,0,0,0
2017-07-10,2042,10904,2698,12406,3767,15935,2828,6872,44578,12874,16615,40837,0,0,0,0,0,0,0,0,0,0,0,0,2042,10904,2698,12406,3767,15935,2828,6872,44578,12874,16615,40837
2017-07-11,1328,18046,3239,13248,9591,22984,3279,5005,66235,10485,20754,55966,1157,917,1767,2765,6243,1917,1060,259,4111,11974,5101,10984,1069,16889,2322,11481,6826,16741,1362,3945,54261,6374,15653,44982
2017-07-12,1154,15803,5235,16428,12199,34286,5212,6573,78679,18211,32868,64022,1533,3475,2550,8401,17854,1674,2078,578,10091,28052,23744,14399,576,14270,1760,13878,3798,16432,3538,4495,50627,8120,9124,49623
2017-07-13,701,12757,2799,20368,8009,26769,2486,4293,64720,13462,14836,63346,648,110,245,507,8268,196,421,0,3670,6725,2077,8318,701,12109,2689,20123,7502,18501,2290,3872,57995,9792,12759,55028
2017-07-14,0,0,0,0,0,0,0,0,0,0,0,0,0,0,0,0,0,0,0,0,0,0,0,0,0,0,0,0,0,0,0,0,0,0,0,0
2017-07-15,0,0,0,0,0,0,0,0,0,0,0,0,0,0,0,0,0,0,0,0,0,0,0,0,0,0,0,0,0,0,0,0,0,0,0,0
2017-07-16,0,0,0,0,0,0,0,0,0,0,0,0,0,0,0,0,0,0,0,0,0,0,0,0,0,0,0,0,0,0,0,0,0,0,0,0
2017-07-17,0,0,0,0,0,0,0,0,0,0,0,0,0,0,0,0,0,0,0,0,0,0,0,0,0,0,0,0,0,0,0,0,0,0,0,0
2017-07-18,1943,5692,7634,11267,24017,32921,6599,10643,73930,26786,49985,50731,1660,2858,2495,10295,14269,3283,6004,280,13142,28002,21978,19166,1663,4032,4776,8772,13722,18652,3316,4639,45928,13644,28007,31565
2017-07-19,5286,5502,11488,20007,26951,51763,12523,18148,97011,54657,53202,98466,2851,8465,15012,21278,39063,10349,16761,2572,39464,76887,44629,71722,2714,2651,3023,4995,5673,12700,2174,1387,20124,15193,8573,26744
2017-07-20,1185,1954,2122,2897,6457,15993,1980,3367,22636,13319,13570,22385,209,463,665,1233,4411,507,1376,0,4370,4494,2153,6711,1185,1745,1659,2232,5224,11582,1473,1991,18142,8949,11417,15674
2017-07-21,0,0,0,0,0,0,0,0,0,0,0,0,0,0,0,0,0,0,0,0,0,0,0,0,0,0,0,0,0,0,0,0,0,0,0,0
2017-07-22,0,0,0,0,0,0,0,0,0,0,0,0,0,0,0,0,0,0,0,0,0,0,0,0,0,0,0,0,0,0,0,0,0,0,0,0
2017-07-23,0,0,0,0,0,0,0,0,0,0,0,0,0,0,0,0,0,0,0,0,0,0,0,0,0,0,0,0,0,0,0,0,0,0,0,0
2017-07-24,2353,9142,5027,12172,8680,12344,3211,10894,40924,22899,26200,37623,0,0,0,0,0,0,0,0,0,0,0,0,2353,9142,5027,12172,8680,12344,3211,10894,40924,22899,26200,37623
2017-07-25,2232,7761,4853,10761,18753,21205,4357,8021,53614,24329,34652,43291,1111,1994,1696,2774,6853,2379,1711,187,6983,11722,6488,12217,2045,6650,2859,9065,15979,14352,1978,6310,41892,17346,28164,31074
2017-07-26,1560,4406,4513,10220,25839,33795,4857,8658,65186,28662,40593,53255,1060,2601,3636,7189,15193,3134,2004,1182,10807,25192,12485,23514,378,3346,1912,6584,18650,18602,1723,6654,39994,17855,28108,29741
2017-07-27,3757,3653,5041,6818,29005,26866,4857,7720,66547,21170,41156,46561,307,221,230,571,1744,247,0,0,1901,1419,837,2483,3757,3346,4820,6588,28434,25122,4610,7720,65128,19269,40319,44078
2017-07-28,3178,9777,12124,15593,22313,28596,3761,17124,81205,31261,52631,59835,0,0,0,0,0,0,0,0,0,0,0,0,3178,9777,12124,15593,22313,28596,3761,17124,81205,31261,52631,59835
2017-07-29,0,0,0,0,0,0,0,0,0,0,0,0,0,0,0,0,0,0,0,0,0,0,0,0,0,0,0,0,0,0,0,0,0,0,0,0
2017-07-30,0,0,0,0,0,0,0,0,0,0,0,0,0,0,0,0,0,0,0,0,0,0,0,0,0,0,0,0,0,0,0,0,0,0,0,0
2017-07-31,0,235,389,512,422,1830,0,416,2061,1743,640,3164,235,389,512,422,1830,0,416,0,1743,2061,640,3164,0,0,0,0,0,0,0,0,0,0,0,0
2017-08-01,0,1857,1289,5071,2291,4733,1816,1842,13042,5857,2906,15993,0,0,0,0,0,0,0,0,0,0,0,0,0,1857,1289,5071,2291,4733,1816,1842,13042,5857,2906,15993
2017-08-02,354,3485,4683,4968,10549,14933,3557,4634,34546,12617,15899,31264,260,1688,1965,7386,7888,1396,906,339,8157,13671,6540,15288,15,3225,2995,3003,3163,7045,2161,3728,20875,4460,9359,15976
2017-08-03,1618,3587,4175,8593,19158,20726,3772,11372,49201,23800,26802,46199,0,106,0,1367,2829,0,0,0,1692,2610,0,4302,1618,3587,4069,8593,17791,17897,3772,11372,46591,22108,26802,41897
2017-08-04,0,0,0,0,0,0,0,0,0,0,0,0,0,0,0,0,0,0,0,0,0,0,0,0,0,0,0,0,0,0,0,0,0,0,0,0
2017-08-05,0,0,0,0,0,0,0,0,0,0,0,0,0,0,0,0,0,0,0,0,0,0,0,0,0,0,0,0,0,0,0,0,0,0,0,0
2017-08-06,0,0,0,0,0,0,0,0,0,0,0,0,0,0,0,0,0,0,0,0,0,0,0,0,0,0,0,0,0,0,0,0,0,0,0,0
2017-08-07,0,0,0,0,0,0,0,0,0,0,0,0,0,0,0,0,0,0,0,0,0,0,0,0,0,0,0,0,0,0,0,0,0,0,0,0
2017-08-08,0,0,0,0,0,0,0,0,0,0,0,0,0,0,0,0,0,0,0,0,0,0,0,0,0,0,0,0,0,0,0,0,0,0,0,0
2017-08-09,306,4045,2266,2795,5647,7553,1893,3221,19103,8623,12955,14771,0,0,0,0,88,0,0,0,88,0,0,88,306,4045,2266,2795,5647,7465,1893,3221,19103,8535,12955,14683
2017-08-10,0,0,0,0,0,0,0,0,0,0,0,0,0,0,0,0,0,0,0,0,0,0,0,0,0,0,0,0,0,0,0,0,0,0,0,0
2017-08-11,0,0,0,0,0,0,0,0,0,0,0,0,0,0,0,0,0,0,0,0,0,0,0,0,0,0,0,0,0,0,0,0,0,0,0,0
2017-08-12,0,0,0,0,0,0,0,0,0,0,0,0,0,0,0,0,0,0,0,0,0,0,0,0,0,0,0,0,0,0,0,0,0,0,0,0
2017-08-13,0,0,0,0,0,0,0,0,0,0,0,0,0,0,0,0,0,0,0,0,0,0,0,0,0,0,0,0,0,0,0,0,0,0,0,0
2017-08-14,0,0,0,0,0,0,0,0,0,0,0,0,0,0,0,0,0,0,0,0,0,0,0,0,0,0,0,0,0,0,0,0,0,0,0,0
2017-08-15,0,0,0,0,0,0,0,0,0,0,0,0,0,0,0,0,0,0,0,0,0,0,0,0,0,0,0,0,0,0,0,0,0,0,0,0
2017-08-16,0,0,0,0,0,0,0,0,0,0,0,0,0,0,0,0,0,0,0,0,0,0,0,0,0,0,0,0,0,0,0,0,0,0,0,0
2017-08-17,0,0,0,0,0,0,0,0,0,0,0,0,0,0,0,0,0,0,0,0,0,0,0,0,0,0,0,0,0,0,0,0,0,0,0,0
2017-08-18,0,0,0,0,0,0,0,0,0,0,0,0,0,0,0,0,0,0,0,0,0,0,0,0,0,0,0,0,0,0,0,0,0,0,0,0
2017-08-19,0,0,0,0,0,0,0,0,0,0,0,0,0,0,0,0,0,0,0,0,0,0,0,0,0,0,0,0,0,0,0,0,0,0,0,0
2017-08-20,0,0,0,0,0,0,0,0,0,0,0,0,0,0,0,0,0,0,0,0,0,0,0,0,0,0,0,0,0,0,0,0,0,0,0,0
2017-08-21,0,0,0,0,0,0,0,0,0,0,0,0,0,0,0,0,0,0,0,0,0,0,0,0,0,0,0,0,0,0,0,0,0,0,0,0
2017-08-22,0,0,0,0,0,0,0,0,0,0,0,0,0,0,0,0,0,0,0,0,0,0,0,0,0,0,0,0,0,0,0,0,0,0,0,0
2017-08-23,0,0,0,0,0,0,0,0,0,0,0,0,0,0,0,0,0,0,0,0,0,0,0,0,0,0,0,0,0,0,0,0,0,0,0,0
2017-08-24,0,0,0,0,0,0,0,0,0,0,0,0,0,0,0,0,0,0,0,0,0,0,0,0,0,0,0,0,0,0,0,0,0,0,0,0
2017-08-25,0,0,0,0,0,0,0,0,0,0,0,0,0,0,0,0,0,0,0,0,0,0,0,0,0,0,0,0,0,0,0,0,0,0,0,0
2017-08-26,0,0,0,0,0,0,0,0,0,0,0,0,0,0,0,0,0,0,0,0,0,0,0,0,0,0,0,0,0,0,0,0,0,0,0,0
2017-08-27,0,0,0,0,0,0,0,0,0,0,0,0,0,0,0,0,0,0,0,0,0,0,0,0,0,0,0,0,0,0,0,0,0,0,0,0
2017-08-28,0,0,0,0,0,0,0,0,0,0,0,0,0,0,0,0,0,0,0,0,0,0,0,0,0,0,0,0,0,0,0,0,0,0,0,0
2017-08-29,0,0,0,0,0,0,0,0,0,0,0,0,0,0,0,0,0,0,0,0,0,0,0,0,0,0,0,0,0,0,0,0,0,0,0,0
2017-08-30,0,0,0,0,0,0,0,0,0,0,0,0,0,0,0,0,0,0,0,0,0,0,0,0,0,0,0,0,0,0,0,0,0,0,0,0
2017-08-31,0,0,0,0,0,0,0,0,0,0,0,0,0,0,0,0,0,0,0,0,0,0,0,0,0,0,0,0,0,0,0,0,0,0,0,0
2017-09-01,0,0,0,0,0,0,0,0,0,0,0,0,0,0,0,0,0,0,0,0,0,0,0,0,0,0,0,0,0,0,0,0,0,0,0,0
2017-09-02,0,0,0,0,0,0,0,0,0,0,0,0,0,0,0,0,0,0,0,0,0,0,0,0,0,0,0,0,0,0,0,0,0,0,0,0
2017-09-03,0,0,0,0,0,0,0,0,0,0,0,0,0,0,0,0,0,0,0,0,0,0,0,0,0,0,0,0,0,0,0,0,0,0,0,0
2017-09-04,0,0,0,0,0,0,0,0,0,0,0,0,0,0,0,0,0,0,0,0,0,0,0,0,0,0,0,0,0,0,0,0,0,0,0,0
2017-09-05,0,0,0,0,0,0,0,0,0,0,0,0,0,0,0,0,0,0,0,0,0,0,0,0,0,0,0,0,0,0,0,0,0,0,0,0
2017-09-06,0,0,0,0,0,0,0,0,0,0,0,0,0,0,0,0,0,0,0,0,0,0,0,0,0,0,0,0,0,0,0,0,0,0,0,0
2017-09-07,0,0,0,0,0,0,0,0,0,0,0,0,0,0,0,0,0,0,0,0,0,0,0,0,0,0,0,0,0,0,0,0,0,0,0,0
2017-09-08,0,0,0,0,0,0,0,0,0,0,0,0,0,0,0,0,0,0,0,0,0,0,0,0,0,0,0,0,0,0,0,0,0,0,0,0
2017-09-09,0,0,0,0,0,0,0,0,0,0,0,0,0,0,0,0,0,0,0,0,0,0,0,0,0,0,0,0,0,0,0,0,0,0,0,0
2017-09-10,0,0,0,0,0,0,0,0,0,0,0,0,0,0,0,0,0,0,0,0,0,0,0,0,0,0,0,0,0,0,0,0,0,0,0,0
2017-09-11,0,0,0,0,0,0,0,0,0,0,0,0,0,0,0,0,0,0,0,0,0,0,0,0,0,0,0,0,0,0,0,0,0,0,0,0
2017-09-12,0,892,2003,4248,4384,11722,611,2497,23620,2737,8926,17431,892,2003,4248,4384,11722,611,2497,0,2737,23620,8926,17431,0,0,0,0,0,0,0,0,0,0,0,0
2017-09-13,284,548,1643,14240,12163,21078,3892,3826,43319,14355,18181,39493,548,1643,14240,12163,21078,3892,3826,284,14355,43319,18181,39493,0,0,0,0,0,0,0,0,0,0,0,0
2017-09-14,0,0,0,0,0,0,0,0,0,0,0,0,0,0,0,0,0,0,0,0,0,0,0,0,0,0,0,0,0,0,0,0,0,0,0,0
2017-09-15,0,0,0,0,0,0,0,0,0,0,0,0,0,0,0,0,0,0,0,0,0,0,0,0,0,0,0,0,0,0,0,0,0,0,0,0
2017-09-16,0,0,0,0,0,0,0,0,0,0,0,0,0,0,0,0,0,0,0,0,0,0,0,0,0,0,0,0,0,0,0,0,0,0,0,0
2017-09-17,0,0,0,0,0,0,0,0,0,0,0,0,0,0,0,0,0,0,0,0,0,0,0,0,0,0,0,0,0,0,0,0,0,0,0,0
2017-09-18,0,0,0,0,0,0,0,0,0,0,0,0,0,0,0,0,0,0,0,0,0,0,0,0,0,0,0,0,0,0,0,0,0,0,0,0
2017-09-19,0,0,0,0,0,0,0,0,0,0,0,0,0,0,0,0,0,0,0,0,0,0,0,0,0,0,0,0,0,0,0,0,0,0,0,0
2017-09-20,314,398,687,0,2758,3736,1214,959,7735,2331,4162,5904,398,687,0,2758,3736,1214,959,314,2331,7735,4162,5904,0,0,0,0,0,0,0,0,0,0,0,0
2017-09-21,0,0,0,0,0,0,0,0,0,0,0,0,0,0,0,0,0,0,0,0,0,0,0,0,0,0,0,0,0,0,0,0,0,0,0,0
2017-09-22,0,0,0,0,0,0,0,0,0,0,0,0,0,0,0,0,0,0,0,0,0,0,0,0,0,0,0,0,0,0,0,0,0,0,0,0
2017-09-23,0,0,0,0,0,0,0,0,0,0,0,0,0,0,0,0,0,0,0,0,0,0,0,0,0,0,0,0,0,0,0,0,0,0,0,0
2017-09-24,0,0,0,0,0,0,0,0,0,0,0,0,0,0,0,0,0,0,0,0,0,0,0,0,0,0,0,0,0,0,0,0,0,0,0,0
2017-09-25,4712,4102,2758,7290,20886,18879,4584,6841,44947,25105,24708,45344,0,610,967,1733,5596,485,2849,458,8280,4418,2849,9849,4254,4102,2148,6323,19153,13283,4099,3992,40529,16825,21859,35495
2017-09-26,5746,6358,4638,11346,24095,32906,5935,11459,71610,30873,29728,72755,2383,1887,2555,7669,13536,2857,8764,119,13726,26044,16257,23513,5627,3975,2751,8791,16426,19370,3078,2695,45566,17147,13471,49242
2017-09-27,9907,6159,7005,11909,29324,42949,7997,7130,90658,31722,40257,82123,3356,2992,3057,13060,25999,6470,4056,1196,18699,41487,21042,39144,8711,2803,4013,8852,16264,16950,1527,3074,49171,13023,19215,42979
2017-09-28,10839,3774,6640,13451,12455,21299,1404,1693,57455,14100,22421,49134,0,0,0,0,0,0,0,0,0,0,0,0,10839,3774,6640,13451,12455,21299,1404,1693,57455,14100,22421,49134
2017-09-29,0,0,0,0,0,0,0,0,0,0,0,0,0,0,0,0,0,0,0,0,0,0,0,0,0,0,0,0,0,0,0,0,0,0,0,0
2017-09-30,0,0,0,0,0,0,0,0,0,0,0,0,0,0,0,0,0,0,0,0,0,0,0,0,0,0,0,0,0,0,0,0,0,0,0,0
2017-10-01,0,0,0,0,0,0,0,0,0,0,0,0,0,0,0,0,0,0,0,0,0,0,0,0,0,0,0,0,0,0,0,0,0,0,0,0
2017-10-02,0,0,0,0,0,0,0,0,0,0,0,0,0,0,0,0,0,0,0,0,0,0,0,0,0,0,0,0,0,0,0,0,0,0,0,0
2017-10-03,1939,4306,4561,6118,17422,24332,5575,9798,55691,18360,31765,42286,705,892,1088,1797,6179,1172,1287,338,4646,8812,5243,8215,1601,3601,3669,5030,15625,18153,4403,8511,46879,13714,26522,34071
2017-10-04,4883,2579,7926,13117,33722,41906,6528,13340,87779,36222,46770,77231,2035,5946,7975,26641,24313,4745,8412,4125,22988,61204,34206,49986,758,544,1980,5142,7081,17593,1783,4928,26575,13234,12564,27245
2017-10-05,0,0,1901,23,582,9838,577,382,11424,1879,2683,10620,0,1901,23,582,9838,577,382,0,1879,11424,2683,10620,0,0,0,0,0,0,0,0,0,0,0,0
2017-10-06,0,0,0,0,0,0,0,0,0,0,0,0,0,0,0,0,0,0,0,0,0,0,0,0,0,0,0,0,0,0,0,0,0,0,0,0
2017-10-07,0,0,0,0,0,0,0,0,0,0,0,0,0,0,0,0,0,0,0,0,0,0,0,0,0,0,0,0,0,0,0,0,0,0,0,0
2017-10-08,0,0,0,0,0,0,0,0,0,0,0,0,0,0,0,0,0,0,0,0,0,0,0,0,0,0,0,0,0,0,0,0,0,0,0,0
2017-10-09,306,0,3394,1551,2492,12762,392,0,13477,7420,4429,16468,0,3394,1551,2492,12762,392,0,306,7420,13477,4429,16468,0,0,0,0,0,0,0,0,0,0,0,0
2017-10-10,9404,5887,9398,9215,17600,38926,6385,7934,74228,30521,47091,57658,770,5261,2474,9604,16695,1474,3625,0,8419,31484,30769,9134,9404,5117,4137,6741,7996,22231,4911,4309,42744,22102,16322,48524
2017-10-11,5831,4444,8199,6779,19554,40723,6394,8420,72806,27538,53625,46719,1224,7122,2676,14913,28828,5001,6164,142,15471,50599,43364,22706,5689,3220,1077,4103,4641,11895,1393,2256,22207,12067,10261,24013
2017-10-12,2811,4887,6584,5288,20292,28775,5333,8364,62116,20218,36192,46142,1236,3433,1018,5506,15738,1710,3580,1284,8112,25393,19586,13919,1527,3651,3151,4270,14786,13037,3623,4784,36723,12106,16606,32223
